Toy 851.00032 517.00033 933.999616 602.9998479999999
Toy 30.999552 413.000104 199.999488 507.000164
Toy 184.999936 485.000208 364.000256 591.000058
Toy 227.00032 370.999816 346.000384 482.999902
Toy 380.000256 449.99996799999997 536.999936 555.999818
Toy 424.999936 322.000162 556.000256 406.000056
Toy 467.00032 530.999744 638.000128 678.999882
Toy 615.999488 489.99994999999996 734.999552 595.9998
Toy 675.00032 631.999852 734.999552 667.000092
Toy 677.999616 33.999746 784.0 181.00007200000002
Toy 711.999488 562.999866 776.999936 619.00025
Toy 734.999552 519.999766 775.000064 574.999656
Toy 771.999744 494.999692 835.999744 579.000268
Toy 796.000256 642.99983 826.000384 678.999882
Toy 851.999744 602.9998479999999 933.000192 681.000188
Toy 977.999872 587.000128 1022.999552 650.99969
