Clothing 14.336 441.38528 95.232 487.46956
Clothing 25.6 73.73512 92.16 109.57860000000001
Clothing 151.552 620.60268 227.328 672.8314399999999
Clothing 182.272 53.25284 206.848 112.65084
Clothing 294.912 64.5184 368.64 131.08428
Clothing 294.912 251.92775999999998 369.664 304.15652
Clothing 419.84 374.8194 630.784 678.97592
Clothing 427.008 86.02408 504.832 132.10836
Clothing 562.176 87.04816 631.808 128.01204
Clothing 573.44 250.90368 635.904 304.15652
Clothing 701.44 91.14447999999999 747.52 125.96387999999999
Clothing 703.488 635.96388 769.024 658.49364
Clothing 818.176 78.85552 889.856 136.20468
Clothing 823.296 246.80736 889.856 303.13244
Clothing 942.08 87.04816 1013.76 132.10836
Clothing 952.32 436.26488 1020.928 477.22875999999997
