0 0.08255149999999999 0.095 0.12007499999999999 0.19
0 0.12242049999999999 0.5034375 0.16416499999999998 0.701875
0 0.21951249999999997 0.0471875 0.07692299999999998 0.094375
0 0.305816 0.47124999999999995 0.12570399999999998 0.79125
0 0.35178199999999993 0.0421875 0.06378999999999999 0.084375
0 0.453096 0.4821875 0.153846 0.785625
0 0.6336769999999999 0.51125 0.10975600000000008 0.74125
0 0.805347 0.5171875 0.13227000000000003 0.734375
0 0.8170729999999999 0.0659375 0.09193200000000008 0.131875
0 0.9695125 0.061875 0.05909899999999993 0.12375
0 0.9723265 0.5525 0.05347099999999991 0.6799999999999999
